# Created by Octave 2.1.50, Thu Jan 15 14:12:38 2004 IST <jnuzman@jugo>
# name: p
# type: scalar
31
# name: q
# type: scalar
31
# name: w
# type: scalar
1024
# name: idsums
# type: matrix
# rows: 4
# columns: 1
 41957
 208923
 187077
 21846
# name: msdata
# type: matrix
# rows: 4
# columns: 27
 0.000513158703507848 0.00191317299491709 0.00203853609956906 3.51141168416627 3.1146224695518 3.37285002520958 11.2036402112915 44.9400939586288 97.7963170390074 0.000509729226818071 0.00171131287078883 0.00181298630878103 3.52086228007262 3.10725669891609 3.35789736242013 10.829449307444 40.2023485884466 82.3999832145505 0.000335968609188445 0.00039307871497053 0.000373887587661 1.91071842019967 0.801459196508531 0.84629054844022 6.49719407288421 9.60121323294093 19.8048792385037
 5.79073330014528e-05 0.000375951032313304 0.000353916593957718 0.495645285427828 0.575330552619945 0.52347195613831 1.34945218569131 7.79291043632145 14.8769653962826 5.86174904154525e-05 0.000416493792745471 0.00039881613324772 0.493747367762255 0.576809784866075 0.526474827400224 1.28978535880769 9.29769544036474 17.1384788382013 1.72795103341801e-05 2.99605847719648e-05 1.15434539234667e-05 0.15543823258359 0.0985100133160258 0.0498716606894285 0.397188070644412 0.39782964932307 0.429897463031015
 6.04138455751288e-05 0.000414280682992265 0.00039372915625584 0.515233295937174 0.623312195148166 0.577217256498731 1.40539458128747 8.63583099572325 16.5639524286856 5.86427077076211e-05 0.000396480432592661 0.000372963770387961 0.4907943559308 0.568083278858638 0.517634942916568 1.28117730600657 9.03234166152806 16.6845683113689 1.74681358179351e-05 3.06252775403376e-05 1.21597264554633e-05 0.156281674737853 0.100447992508935 0.052151412547641 0.39865912516409 0.410990431078309 0.454843994619813
 3.64429526688683e-05 4.77172110156876e-05 1.29839418911783e-05 0.327904452229202 0.164442438582975 0.0632270803932358 0.870392607693364 0.574607337757898 0.430546232094844 5.8401543543395e-05 0.000587877083842542 0.000620201397676743 0.519035319533453 0.651538731325562 0.602174684103935 1.36349993785528 11.570037694482 21.0255162651089 1.56642265465541e-05 2.42685254005082e-05 6.26603853994902e-06 0.148215462836582 0.0819142368135944 0.0303491330697778 0.384590777484146 0.285128030334461 0.216269234062884
# name: ratiodata
# type: matrix
# rows: 3
# columns: 27
 8.86172228817677 5.08888879263064 5.75993365208698 7.08452554155803 5.4136225781308 6.44322964326748 8.30236175100342 5.7667920510379 6.57367375899417 8.6958555066987 4.1088556434613 4.54592018135564 7.13089832970604 5.38696946626441 6.37807771171454 8.39631899485586 4.32390465425586 4.80789362886061 19.4431788106793 13.1198612431072 32.3895768233564 12.2924610531205 8.1358145180369 16.9693677078536 16.357978884771 24.1339810878298 46.068844181746
 8.49405792037687 4.61805986486899 5.17750861773734 6.81518782240044 4.99688999155781 5.84329381569172 7.97188231722646 5.20391077371531 5.90416553416579 8.69211615124359 4.31626060231581 4.86102525962547 7.1738035238715 5.46972039937353 6.4869990103457 8.4527326988014 4.45093311291385 4.93869434778262 19.2332262978797 12.8351070272847 30.7480262019392 12.2261194308591 7.97884732676209 16.2275671376518 16.2976178463491 23.3611600341895 43.5421363649264
 14.0811505634728 40.0939819028424 157.004407186551 10.7086428997671 18.9405028068846 53.3450224845494 12.8719386082361 78.2100941035383 227.144751826475 8.72800949925783 2.91100455830524 2.92322190109927 6.78347339298109 4.76910511919122 5.57628450856721 7.94239075982521 3.47469469417719 3.91904684648769 21.4481454408199 16.1970580611502 59.6688937160674 12.8914917757695 9.7841257842925 27.8851638527682 16.8937854292464 33.6733404347461 91.5751115701696
