# Created by Octave 2.1.50, Sat Jan 17 17:10:47 2004 IST <jnuzman@jugo>
# name: threshold
# type: matrix
# rows: 1
# columns: 8
 2 2.5 3 3.5 4 5 6 8
# name: fatness
# type: matrix
# rows: 1
# columns: 11
 0 1 2 3 4 5 6 7 8 9 10
# name: P_fp_f
# type: matrix
# rows: 8
# columns: 11
 0.0544574040620219 0.131231619136594 0.207305156889755 0.278850507871895 0.344023031787871 0.402789363050949 0.455926443180789 0.503753628507557 0.546728504220747 0.585356320633756 0.620580847199912
 0.0255914050248574 0.0671601595828348 0.113886280547386 0.161479906767018 0.20769124439339 0.251481193725363 0.292916485936405 0.331739729357426 0.367984289575161 0.401855126622402 0.433952821060358
 0.0137132561476094 0.0386087503634466 0.0692049933983803 0.102012898182529 0.135225956519874 0.167600108676483 0.199092456040839 0.229369342745606 0.25831160598102 0.286086073680749 0.312897705877586
 0.00845102646844331 0.0251576523973174 0.0470454772947182 0.0711783295280676 0.0960356916447804 0.120759591414558 0.145335729300228 0.169287454062737 0.192509902429491 0.215150836284599 0.237133991429811
 0.00563878415801942 0.0175121665228769 0.033932801708318 0.0524507023456007 0.0717407779901524 0.0912644127418409 0.11096917496437 0.130259250608922 0.149120340138324 0.167719271486246 0.185941648355315
 0.00309823305385682 0.0103719309618345 0.0209297559069005 0.0331081950647531 0.045906280833377 0.058947458733919 0.0722460283035506 0.0854969327492767 0.0986525069471918 0.11174611648403 0.124696730649151
 0.00204960032793605 0.00690190994151489 0.0141231762131966 0.0225313040701249 0.0315066469015286 0.0406774167409448 0.0501580098857467 0.0596529025677202 0.0691048966381788 0.0785664237334185 0.0879326205808472
 0.00120116112241834 0.00407536809391936 0.00816980223740092 0.0131555741979151 0.0184464029514245 0.0238897601014314 0.0296572400939956 0.0355343498715425 0.0414209926738705 0.047312401988589 0.0531895117661358
# name: P_fn_f
# type: matrix
# rows: 8
# columns: 11
 0.735839646614577 0.515424988719215 0.41012183247441 0.348540622699314 0.306172370389721 0.273968698791175 0.248201011708267 0.227016885553471 0.207566437884437 0.189445935355167 0.173747832901893
 0.811694017621773 0.643479706462108 0.556059562543045 0.501959294179115 0.463414634146341 0.43370460968485 0.407841926520531 0.385185361103854 0.364357470254352 0.344859524544613 0.327119006340988
 0.861899446647826 0.734367207352697 0.663215142375377 0.617023297788966 0.58351343007101 0.556392048827986 0.532643028475075 0.510770180730045 0.490607262450424 0.472059277554801 0.454769990737882
 0.893248153513668 0.794309734723443 0.737122093713634 0.69824494739592 0.668986154321134 0.64471465552046 0.624432992139074 0.605671266060275 0.587978245897357 0.571591421853848 0.555869570380222
 0.915405989502933 0.83622675564633 0.789013703184744 0.756121309995963 0.730567364096231 0.709573230104258 0.692165198185575 0.675944617284537 0.660412757973734 0.64602085163987 0.632080176692711
 0.941909896216781 0.888545847483791 0.85548721115254 0.832236920227041 0.813475194148241 0.797373358348968 0.78376516968675 0.771154439879355 0.759351176763958 0.748307882299855 0.737359583917163
 0.958534210463818 0.921319495570808 0.897570475217897 0.880423682523096 0.866601752677702 0.854560999358776 0.844515163749495 0.835205547771154 0.82644215926093 0.818201249198471 0.809746597952834
 0.975253520792267 0.953261927945472 0.937920060797492 0.927090507516565 0.917875887619636 0.909658726577529 0.90322274206189 0.897570475217897 0.892060702496022 0.886693423896264 0.881302396276154
# name: MA_fn_f
# type: matrix
# rows: 8
# columns: 11
 0.074304961344302 0.0684671592850576 0.0684671592850576 0.0684671592850576 0.0436045371545027 0.0436045371545027 0.0436045371545027 0.0436045371545027 0.0436045371545027 0.0436045371545027 0.0436045371545027
 0.074304961344302 0.0684671592850576 0.0684671592850576 0.0684671592850576 0.0684671592850576 0.0684671592850576 0.0684671592850576 0.0684671592850576 0.0684671592850576 0.0684671592850576 0.0684671592850576
 0.074304961344302 0.0684671592850576 0.0684671592850576 0.0684671592850576 0.0684671592850576 0.0684671592850576 0.0684671592850576 0.0684671592850576 0.0684671592850576 0.0684671592850576 0.0684671592850576
 0.074304961344302 0.0684671592850576 0.0684671592850576 0.0684671592850576 0.0684671592850576 0.0684671592850576 0.0684671592850576 0.0684671592850576 0.0684671592850576 0.0684671592850576 0.0684671592850576
 0.0795798831872978 0.0795798831872978 0.0795798831872978 0.0795798831872978 0.0795798831872978 0.0795798831872978 0.0795798831872978 0.0795798831872978 0.0795798831872978 0.0795798831872978 0.0795798831872978
 0.0861025438798245 0.0861025438798245 0.0861025438798245 0.0861025438798245 0.0861025438798245 0.0861025438798245 0.0861025438798245 0.0861025438798245 0.0861025438798245 0.0861025438798245 0.0861025438798245
 0.0861025438798245 0.0861025438798245 0.0861025438798245 0.0861025438798245 0.0861025438798245 0.0861025438798245 0.0861025438798245 0.0861025438798245 0.0861025438798245 0.0861025438798245 0.0861025438798245
 0.0861025438798245 0.0861025438798245 0.0861025438798245 0.0861025438798245 0.0861025438798245 0.0861025438798245 0.0861025438798245 0.0861025438798245 0.0861025438798245 0.0861025438798245 0.0861025438798245
# name: P_fp_m
# type: matrix
# rows: 8
# columns: 11
 0.0632420863978036 0.158762994704405 0.24902643984423 0.331000919936891 0.403680700867982 0.467442337116355 0.523353527457495 0.572968154930719 0.616777170312254 0.655452651849168 0.689666677788529
 0.0278507318979776 0.0807399533835088 0.137561547591243 0.193124782527872 0.246233263583369 0.295976586891138 0.342078294732527 0.384938774148343 0.424910747055487 0.461784486908774 0.49578878630295
 0.0126121917853925 0.0439329447036898 0.0808448166561009 0.119534597730187 0.157890722936934 0.195160083318637 0.231042388594689 0.265451841542062 0.298207314689915 0.329261142914341 0.358570427603827
 0.0059581404881862 0.0261824525612854 0.0521742446269489 0.0809210808543497 0.110039705048213 0.13866261195346 0.166684938297497 0.194120983617497 0.220422598988546 0.24555165231152 0.269660671982917
 0.00291233907062541 0.0169211189864488 0.0360967983336273 0.05782732832214 0.0802251700453295 0.102684976429596 0.124992254417365 0.14708503934756 0.168481913468734 0.189187643293279 0.209354757217691
 0.00082460664356497 0.00912310471551071 0.0214397727326892 0.0359442699371297 0.051116078876247 0.0667407064924665 0.0825273955299647 0.0982425868816046 0.113728985638498 0.128910327602397 0.143829511384815
 0.000224026082355801 0.00610590237229322 0.0150669456665253 0.0258011315700415 0.0371930961834535 0.0490426459863582 0.0610733232601038 0.0730801679718966 0.0850441140721745 0.0968412322387832 0.1085334871328
 2.85990743432938e-05 0.0036797475655038 0.00947106012002078 0.0164683003093467 0.0239374252253369 0.0317449725210561 0.03976701287435 0.0478414848639399 0.0559445559278731 0.0640047283802914 0.0719838701220704
