# Created by Octave 2.1.50, Thu Jan 15 14:03:56 2004 IST <jnuzman@jugo>
# name: p
# type: matrix
# rows: 1
# columns: 7
 0 1 5 15 31 61 121
# name: q
# type: matrix
# rows: 1
# columns: 7
 0 1 5 15 31 61 121
# name: w
# type: scalar
1024
# name: P_resid
# type: matrix
# rows: 7
# columns: 7
 0.0254035660375655 0.0252716112570668 0.0106984907079396 0.00386018065320096 0.00122820914912995 0.000307458080810978 7.85888596812414e-05
 0.000211567511649997 0.000211563430871352 0.00016493857560208 0.000114157594585808 7.94891911614044e-05 4.63921048850603e-05 2.47658795376695e-05
 2.03262590394301e-05 2.03251675551607e-05 1.96008997117384e-05 1.82092386083744e-05 1.63387540214337e-05 1.33390556776452e-05 1.01272185138868e-05
 1.77913781623289e-05 1.77905521965864e-05 1.7240024710136e-05 1.62030338242519e-05 1.47312637809841e-05 1.25076051634755e-05 1.01327479456025e-05
 1.59532857901808e-05 1.59528682570206e-05 1.5498679955505e-05 1.46407376819676e-05 1.35364747674671e-05 1.20006843285763e-05 1.01605941458684e-05
 1.43463440031503e-05 1.43470969329014e-05 1.4036325673145e-05 1.3426408110181e-05 1.26266011411441e-05 1.1433460329935e-05 9.92428130205389e-06
 1.24981515450916e-05 1.24993835460574e-05 1.22979500293233e-05 1.19302036793272e-05 1.14354451408712e-05 1.06447608762201e-05 9.58583522074857e-06
# name: ps
# type: scalar
0.0254035660375655
# name: T_model
# type: matrix
# rows: 7
# columns: 7
 2.15436500008218 7.10422600014135 8.74484999990091 10.1723140000831 14.2551070000045 23.8208180000074 53.6028489999007
 2.24285699985921 7.26488899998367 8.43934199982323 10.35886700009 14.8220619999338 26.1823330000043 54.9882350000553
 2.89906900003552 8.08578500011936 11.1370679999236 11.0645410001744 15.8856989999767 24.927893999964 54.0257449999917
 5.15082200011238 10.0732229999267 10.8897979999892 13.2248639999889 17.3515859998297 26.8778110002168 56.4342789999209
 9.20185200008564 14.6765370001085 14.7896660000551 16.7742620001081 21.1476930000354 31.9677190000657 60.9355830000713
 16.7932980000041 21.8194690002128 22.9739119999576 25.3169399998151 29.6970450000372 41.2122240001336 71.399310000008
 41.0943020000122 46.2021540000569 47.322242999915 49.9630740000866 54.7343649999239 66.0049000000581 100.622025000164
# name: T_filt
# type: matrix
# rows: 7
# columns: 7
 2.77041999995708 4.0397130001802 4.40802900004201 5.36013899999671 6.99611700000241 10.0483329999261 17.3617940000258
 2.83270200015977 4.13600199995562 4.54688100004569 5.48233100003563 7.07341599999927 11.3584419998806 16.6303469999693
 3.35391300008632 5.00069400016218 5.76203599991277 7.42452799994498 8.40376000013202 10.8470740001649 16.8645539998543
 5.00118999998085 6.11550199985504 6.6126739999745 7.44230200001039 9.3456629998982 12.0988619998097 18.9661919998471
 7.37411900004372 8.57465799991041 9.01648600003682 10.0230730001349 13.1968169999309 14.6213719998486 21.0033460000996
 11.8802850001957 13.220273999963 13.6846950000618 14.7231590000447 16.395072999876 19.5969869999681 26.1888810000382
 21.8839359998237 23.4195840000175 23.7124280000571 24.804952000035 26.8457510001026 33.1584090001415 37.0911240000278
