# Created by Octave 2.1.50, Mon Jan 19 16:49:17 2004 IST <jnuzman@jugo>
# name: p
# type: scalar
31
# name: q
# type: scalar
31
# name: w
# type: scalar
1024
# name: threshold
# type: matrix
# rows: 1
# columns: 12
 2.5 3 3.5 4 4.5 5 5.5 6 10 15 20 40
# name: fatness
# type: matrix
# rows: 1
# columns: 3
 2 4 8
# name: SSE
# type: matrix
# rows: 12
# columns: 3
 10.0240681289961 41.541227203274 168.013042355259
 5.13968438327043 20.8169263318172 90.9084461859902
 3.03268779254325 12.2726972934786 58.483699244463
 2.29874105699649 7.8735870088392 40.0185575056568
 2.01064864854738 5.99371229734022 28.4730488835551
 1.97595781543361 5.02588687568961 21.9650322806941
 2.04766430218009 4.33378421882957 17.7460944495251
 2.13176292258168 3.94933070178209 15.2582208141228
 2.80851360787224 3.44291734053642 8.64421459949972
 3.67173155765777 3.98085822061442 6.79889631913994
 4.60683106893961 4.78074287441474 6.54245470700637
 7.44589803265909 7.45409263458654 7.64863680152379
