# Created by Octave 2.1.50, Thu Jan 15 14:09:35 2004 IST <jnuzman@jugo>
# name: p
# type: scalar
31
# name: q
# type: scalar
31
# name: w
# type: matrix
# rows: 1
# columns: 10
 128 256 512 1024 2048 4096 8192 16384 32768 65536
# name: p_resid
# type: matrix
# rows: 10
# columns: 1
 1.33474588161682e-05
 1.24742948922334e-05
 1.32231571640032e-05
 1.46619161826458e-05
 1.63101485959763e-05
 1.79656062389078e-05
 2.06106245053993e-05
 2.39109509206324e-05
 2.72894820851382e-05
 2.92981883523574e-05
# name: psw
# type: scalar
0.0254976429077013
# name: t_model
# type: matrix
# rows: 10
# columns: 1
 62.8580970000476
 35.9150159999263
 23.8142699999735
 16.6419359999709
 14.0131580000743
 12.9826360000297
 12.8188370000571
 11.3815810000524
 12.5492680000607
 15.4913739999756
# name: t_filt
# type: matrix
# rows: 10
# columns: 1
 36.3665289999917
 20.6122459999751
 12.9898340001237
 9.10718499985524
 7.41255800006911
 6.27278200001456
 5.96928000007756
 6.09137200005352
 6.07493899995461
 6.03846899978817
